&PARM  
  NETA   = 5000
  ETAMAX = 400.0 
  TOL    = 1.0e-13
  NX     = 10
  FX1    = 0.5
  BX1    = 0.2
  RE0    = 581.1282908467194 
  RE1    = 581.1282908467194 
  RE2    = 600.0
  NY     = 64 
  YMAX   = 80.0
  YSTR   = 0.025
  LSCAL  = 1.720788
/
